7896664695385
7898903556440
7890052015632
7898350361918
7891129234604
7891129234628
7891129234635
7891129234413
7891129234420
7891129234444
7891129234451
7898300573637
9788578811846
7897270313908
7891129237711
7891129237728
7891129232846
7891129241930
7891129241985
7891129251441
7891129234468
7891129234901
7891129252608
7891129255807
7897016823548
7897016824576
7897016826488
7891129267466
7891129267473
7891129234314
7891129234321
7896584070262
7896584070279
7896584070781
7896584070798
7896584072143
7896584072150
7896584071542
7896584071559
7896584071566
7896584071573
7896584079241
7896584079258
7841764080067
8806098098712
7896067226896
7896067226339
7896067226346
7896067226322
7896067226315
7896067226308
7896067226292
7891129241961
7891129241992
7891129246027
7891129232839
7891129251434
7891129251731
7891129251298
7891129251748
7890052015724
7890052015601
7890052015618
8801643457082
8801643457099
8801643457105
7890052013157
4897208172259
7899205953296
630509541010
7898198177016
7896513309616
7896584072075
7891129220515
7896584073485
7896513315754
7896067222232
7891129236912
7896584073515
7898626571942
7898626571959
7896067222218
7896584067255
7899466422838
7896584072068
7891129208254
7891129208230
7891129220454
7891129220461
7891129250307
7891129250871
7891129250888
7898626571966
7891129231351
7891129219748
7891129219755
7891129215559
7891129215566
7891129220423
7891129220430
7898221458761
7898902921461
7898902921478
7896584076981
7896513315747
7892162137570
7896513317789
7898626570181
7898626577174
7898626570174
7896584060638
7896584064162
7896584076424
7896584072785
7896584072792
7896584073508
7896584060645
7896584067262
7894693052353
7891129250826
7891129250819
8007842809077
7893299430374
7893299430381
7893299430459
7893299430466
7893299430299
7893299430305
7893299423116
7893299423123
7893299907821
7893299430350
7893299430367
7898488387736
7898488387750
7898626574554
7898626574561
7898488387743
7898626571973
7898626576299
7896584062052
7896067221891
7896067221907
7896067222348
7896067222324
7896067222317
7896067222331
7896067222164
7896067222201
7896067222195
7896067221952
7891356059476
7899466406128
7891356058660
7899466425396
7899466425402
7891356058608
7899466422807
7899466406081
7899466422760
7899466422753
7899466406173
7899466422876
7899466422883
7898300572036
7898200924737
7898631550505
7896425600566
7896425600580
7896425600597
7897943200122
7897943200153
7899766502902
7896779601493
7909103587827
7909103587803
7909103587780
7909103587797
7896202400525
7898030780015
7896630010051
7895171040015
7894693014818
7894693014801
7894693014757
7894693014863
7894693014771
7894693014832
7898595770964
7898595770988
7898595771046
7898595770995
7896779617807
7896930367749
7891259068056
7899676627511
7898963567776
7899676626835
7898474479964
7898474479735
7898474479841
7898474479988
7898474479728
7898474479957
7896558413286
7899850310352
7898335081640
7898335081657
7896098809075
7896637623056
7898436143346
7896589400644
7890022051615
7890022051639
7896643440012
7896643400047
7892946073681
7898457869829
7896689110344
7896553965988
7895155429416
7895155429492
7895155075712
7895155893064
7895155096885
7895155893088
7895155913304
7895500726047
7896664601966
7896664695347
7895500724883
7897016823425
7897016823432
7897016826501
7897016826518
7897016824347
7897016825955
7897016825962
7895500724050
7896664600624
7896664601461
7896664602413
7896664602420
7897016810913
7898350361895
7896664600419
7896664602147
7896664602154
7898014301366
7897016823968
7897016823906
7896518509660
7896518514299
7896518514312
7896518513117
7896518512578
7896518512585
7896518512592
7896518512608
7896518510994
7896518510901
7896518510895
7896518511335
7896518514602
7896518514596
7896518514626
7896518514640
7896518514633
7896518514657
7896664600662
7896664600679
7897016824590
7895500726085
7895500726092
7898015193663
7896451848017
7891589132687
7898549231596
7898010896651
7909103587773
7909103591091
7909103587810
7909103587728
7895155785857
7891232100124