7891960008686
7898094337828
7899226960488
7891129234369
6937671781591
7891129217423
7891129217416
6937671781607
7898626572857
7898626574226
7898054800485
8806098026210
7898957911141
7898461963513
8004399512122
8004399512092
7898626573267
7898626570358
7898626570372
7898626570402
7898626571577
7898957911622
4974437834131
4974437353977
7896584062601
7898554871695
7898626576503
7898461967665
4974437077255
7898461967672
7898626574394
7898461967825
7898626576442
7898461965456
7898303868464
7898461967924
7896584057249
8806084763419
7892509083874
7891129264595
7898957911349
7896584069570
7897013565847
7897013565823
4974437077231
4974437487450
7893299911088
7893299911125
7893299609343
7893299619113
7893299612992
7899963900471
7897013575310
7897013562938
7898626571928
4974437367363
7896873174770
7898626571904
8806087615883
7898303868587
7898303868501
7893299910203
7893299910371
7892509093248
7898461967023
7898461967030
7898626571522
7898626571539
7893299619069
7898554870698
7898554870711
7897013565861
7899611413278
7898595771534
7899206129607
7899611414114
7899611413414
7898541351056
7908041010060
7908041011203
7908041011210
7898619590011
7898953352160
7899766510839
7898478539626
7898954645742
7893726544889
7893726650832
7898605276332
763684286046
7897186683768
7897186683409
7897186683423
7897186683744
7898959845055
7898902486472
7891230037842
7898563676014
7899772509957
7899552118911
7899552136519
7899081738147
7899069633570
7899069633419
7899069633518
7899069633525
7890902318036
7891356002380
7899552118928
7899069633556
7899069633563
7899908711667
7899908711827
7891129224223
7891129222724
7899069633426
7899908714200
7899772509995
7898457732949
7898480639680
7890000293983
7898457736428
7898457736695
7898457734080
7894693741189
7894693748720
7894693748706
7894693741172
7898268703688
7894693759535
8007842822465
7894693046741
7896513316003
7892162113673
7892162113635
7892162145483
7898221453001
7896518509820
7894693028136
7896513315938
7894693045164
7899838848143
7898902921232
7898902921249
7898626574066
7898902921881
7898902921386
7896518506966
7898268765600
7898268765709
7898268766492
7898268766508
7898268766515
7898268766522
7898268766539
7898268766546
7898268766737
7898268766744
7898268766775
7892162145025
7892162145520
7898615980946
7898615980953
8422248605892
7894693030733
7894693030764
7896513315990
7894693030757
7896513315976
7896513309012
7898268766874
7898268766867
7898268766836
7898268766829
7898615980687
7896518504214
7894693045157
7894693032515
7894693032522
7894693040015
7894693045195
7894693030726
7894693045201
7894693736970
7894693035363
7894693035370
7898626570051
7898626570099
7898232182679
7894693045249
7894693740366
7891129212879
7891129212862
7896518506973
7896513311060
7898268765105
7898232185809
7898268765204
7898232185205
7898232185403
7898268764603
7898268764702
7898268764801
7898268764900
7898268765501
7898232184406
7898232184802
7898232185908
7898232186004
7898232186103
7898268766454
7898268766461
7898268766478
7898268766485
7898232186370
7898232186387
7898232186424
7898268766713
7898268766751
7898268766768
7898268765440
7898268765419
7898268765549
7898232184604
7898232184611
7898268765488
7898268765471
7898268766782
7898232186806
7898232186738
7898232186752
7898268765808
7898268766300
7898268766409
7898268766416
7898268766423
7898268766430
7898268766447
7898268765907
7898268766201
7898268764115
7896513309043
7896513309036
7891356069352
7891356069369
7891356069338
7891356069314
7891356069321
7891129230125
7896518508250
7896518508267
7894693736772
7894693748294
7894693736987
7894693764782
7894693045232
7894693053749
7894693053732
7898268766720
7898268766799
7898268766706
7898232186745
7894693053725
7891129250192
7898268764771
7894693045225
7896518507000
7896518507017
7891129161696
7891129161672
7898488389211
7891129161597
7898488389051
7898488389044
7898488389099
7898488389082
7891129159075
7898054799680
7899903143081
7891798570508
7899903143067
7898605606023
7899704616722
7899903117884
7899471883655
7900000020714
7900000011200
7891371361028
7892949525200
7899748908944
7898659553304
7898659553311
7899994359033
7899994346798
7899994347733
7899994327599
7899994360077
7899994312311
7899994306327
7899994323003
7899994327582
7899467123604
7899467123611
7899467123291
7899100665591
6930864613266
7891129232525
7898268766607
7894693759511
7896518511809
7898268766591
7898268765303
7896518511823
7896518510987
7897186683430
7898195954252
7891040244171
7899081729459
7898291101215
7897180500245
7897180500238
7891129264656
7891129235403
7891129233676
7891129233683
7896584071412
7896584055078
7896584055009
7896584065886
7896584077193
7896584077209
7896584079951
7896584077179
7896584076820
7898603590232
7898603590133
7897186895345
7893956000131
7897186895598
7893956000025
7898361095116
7898361095062
7893956020108
7893956019928
7893956019782
7893956021297
7893956020047
7893956020412
7893956008854
7898291101147
7891259393370
7894900011517
7899552109841
7896560901580
7898917365274
7898917365120
7898221457986
7899510116959
7899552111387
7899552119581
7899552119758
7898902921362
7899552111288
7899552111301
7894693045218
7896560900965
4892679107304
7898589670034
7890000014304
7898589670096
0086279052278
7898951525726
7897180501839
7897180501846
7896513315822
7899552118188
7896513308282
7898902921096
7896584075052
7896584065688
7898232187520
7894693034007
7898361093648
7898361093587
7898361091262
7898361093150
7898361099046
7898361093686
7899639730319
7898268768816
7898461964787
7898268768823
7898221457979
7896513315556
0040094935277
7896560901207
7899552111189
7896560900309
7898361098919
7896843935714
7898232180255
7898232180248
7898361093600
7891356077876
7891356068508
7891356074929
7891356072192
7898589670102
7896911300215
7898361098988
7898361098971
7896524515778
7896524515730
7898232182518
7898361092481
7898361092498
7896518511694
7896911302837
7896911303049
7894693034014
7899552111165
7899552111172
7899552118195
7894693044433
7899552119543
7893956003651
7899758005473
7893956002586
7893956014237
7899758002793
7899758005664
7899758005671
7893956002661
7899758000485
7898466536521
7899758003943
7898466528458
7898654582958
7891129241206
7898466530031
7898338263210
7898563679336
7898563679329
7898563679305
7898603591031
7898216296637
7893956014220
7893956002340
7898466528090
7893956002906
7893956002531
7893956002616
7893956003446
7893956003453
7898466538372
9900000133481
9900000133504
7899908711629
7891356007972
7891356007989
7898291106180
7891129254107
7891129254114
7891129254121
7891129254145
7896584017427
7891379011659
7891379044190
7891379044206
7899069629528
7899069629566
7899069629535
7898626575858
742832770897
7899081711379
7899069600572
7891379064105
7891379028770
7891379064112
7899069600886
7897186683775
94032000
666
7899903143036
7899903143029
7896985171032
7896985171049
7896985171070
7896985017125
7896985017057
7895272350938
7895272350921
7895272350471
7895272350945
7895272351072
7895272351058
7895272354707
7895272350310
7895272350457
7895272353939
7895272350051
7895272350341
7895272354714
7895272359702
7895272350327
7895272350167
7895272350440
7895272353694
7895272353724
7895272359191
7895272359184
7895272358293
7895272358132
7895272358316
7895272359276
7895155612832
7898573570081
7898573570999
7898573570036
7895272213165
8806088681788
8806088681795
7896584068009
8806098059997
8806084715654
8806084659170
8806084715951
8806084715241
8806084931412
7898554871619
8806088599083
8806088599113
8801643457051
8801643456993
8801643457044
8801643457068
8801643457075
8801643206291
8806087938500
7895500724067
7891129209336
7891129209343
7891129232952
7891129232969
7891129232938
7898350361857
8801643216290
8806086704045
8806086704069
8806086704076
7896584053579
7896584053586
8887549690389
8887549690396
8806088681801
8806088681818
8806086704144
8801643216306
8801643457020
8801643457037
8801643457006
8801643457013
8806085296589
8806085311794
8806085304048
8806085290921
8806086690058
7896783807287
7896664601317
7896664602925
7896664602932
7896664602833
7896664602840
7896664602864
7896664602871
7896664602901
7896664602895
7896664602949
7896664602956
7896664600426
7896664695378
7896664695385
7898903556440
7890052015632
7898350361918
7890000305341
7898314112334
7897217331743
9788521613466
7899690830027
7899690840309
7895706006974
7890000280600
7897270313908
7891129237711
7891129237728
7891129232846
7891129241930
7891129241985
7891129251441
7891129234468
7891129234901
7891129252608
7891129255807
7897016823548
7897016824576
7897016826488
7891129267466
7891129267473
7891129234314
7891129234321
7896584070262
7896584070279
7896584070781
7896584070798
7896584072143
7896584072150
7896584071542
7896584071559
7896584071566
7896584071573
7896584079241
7896584079258
7841764080067
8806098098712
7896067226896
7896067226339
7896067226346
7896067226322
7896067226315
7896067226308
7896067226292
7891129241961
7891129241992
7891129246027
7891129232839
7891129251434
7891129251731
7891129251298
7891129251748
7890052015724
7890052015601
7890052015618
8801643457082
8801643457099
8801643457105
7890052013157
8007842809077
7898490163786
7896562101261
7896403740345
7909103587827
7909103587803
7909103587780
7909103587797
7892946171165
7899800511136
7899800511075
7909103826971
7909103587698
7892946325476
7898572414485
7898456948891
7898456948587
7900000002772
9780131895133
7899069635888
7899069627791
7899069633242
7899069633259
7899069633266
7899069633594
7899069633600
7899069631354
7899069631378
7899069631385
7899069633624
7899069633464
7899069633488
7899069635970
7899069633549
7899069633532
7899069633433
7899069633440
7899069633457
7899069633471
7899069635871
7899069635987
7899069633501
7899069633617
7899069613329
7899069613336
7899069618898
7899069618904
7899069618911
7899069618928
7899069600183
7898252650516
7898239012825
7896562181119
7896562186091
7896562186077
7896562186114
7896562186084
7896562186121
7896562185179
7896562186138
7896562186060
7896562186107
7896562181188
7896562185032
7896562103388
7896562103241
7896562103425
7896562185117
7898531213913
7898531213753
7898531213821
7894644004400
7898173505360
7898335081640
7898335081657
7898357592384
7898202551054
7893071003185
7898491463793
7898314112310
7898436143346
7896589400644
7898024051763
7895155780531
7898447320286
7896643440012
7896643400047
2010000037126
7622300859978
7897102999799
7895500726047
7896664601966
7896664695347
7895500724883
7897016823425
7897016823432
7897016826501
7897016826518
7897016824347
7897016825955
7897016825962
7895500724050
7896664600624
7896664601461
7896664602413
7896664602420
7897016810913
7898350361895
7896664600419
7896664602147
7896664602154
7898014301366
7897016823968
7897016823906
7896518509660
7896518514299
7896518514312
7896518513117
7896518512578
7896518512585
7896518512592
7896518512608
7896518510994
7896518510901
7896518510895
7896518511335
7896518514602
7896518514596
7896518514626
7896518514640
7896518514633
7896518514657
7896664600662
7896664600679
7897016824590
7895500726085
7895500726092
7898307296690
7897207100366
7893013012664
7893013012558
7893013012534
7896985016791
7893013012596
7893013012572
7893013012541
7893013012671
7898015193663
7896451848017
7891589132687
7898549231596
7898010896651
7895155088408
7890022078407
7908041002379
7891760802903
7891760802934
7908041023688
7908041023671
7895155217457
7895155217471
7909103587766
7909103529926
7891760823502
7895155785857
7898582461899
7892639000581
7896020660491