7891129232846
7891129237711
7891129237728
7891129234970
7891129241961
7891129241992
7891129234956
7891129241930
7891129241985
7891129223776
7891129251298
7891129251748
7891129238268
7891129238275
7891129234314
7891129234321
7891129251342
7891129251359
7891129251731
7891129267466
7891129267473
7891129267503
7891129268302
7891129267657
7891129267664
7891129267671
7891129267688
7891129502819
7891129502826
7891129498204
7891129498600
7891129498419
7891129500020
7891129498525
7891129498679
7891129500044
7891129500051
7891129498303
7891129498310
7891129499379
7891129500037
7891129207370
7891129204829
7891129204836
7891129205741
7891129234291
7891129234604
7891129234628
7891129234635
7891129253629
7891129253711
7891129253759
7891129253766
7891129253735
7891129253742
7891129240100
7891129499515
7891129501911
7891129501904
7891129501928
7891129501935
7891129268524
7891129268531
7891129268548
7891129268555
7891129268562
7891129268579
7891129268586
7891129268593
7891129268609
7891129268616
7891129250444
7891129250451
7891129250468
7891129250475
7891129501713
7891129501706
7891129250871
7891129250888
7891129250857
7891129250864
7891129220454
7891129220461
7891129230866
7891129241206
7891129250307
7891129250314
7891129250499
7891129250802
7891129220423
7891129220430
7891129219748
7891129219755
7891129250215
7891129250208
7891129250819
7891129250826
7891129238237
7891129266834
7891129186651
7891129223769
7891129223875
7891129224285
7891129236417
7891129236424
7891129247109
7891129247116
7891129251335
7891129223899
7891129224209
7891129224087
7891129224094
7891129186101
7891129219205
7891129247123
7891129247130
7891129499737
7891129499744
7891129499751
7891129499768
7891129514218
7891129514225
7891129514232
7891129514249
7891129186248
7891129192720
7891129170858
7891129187719
7891129245747
7891129245754
7891129245761
7891129245778
7891129245709
7891129245716
7891129245723
7891129245730
7891129252899
7891129253209
7891129252035
7891129252042
7891129252059
7891129252066
7891129252073
7891129252080
7891129252097
7891129252103
7891129252110
7891129252127
7891129252158
7891129252165
7891129252134
7891129252141
7891129206205
7891129206212
7891129236707
7891129236714
7891129252707
7891129252714
7891129252721
7891129252738
7891129252745
7891129252752
7891129252769
7891129252776
7891129252820
7891129252837
7891129252844
7891129252851
7891129250086
7891129250093
7891129251571
7891129251588
7891129251595
7891129251908
7891129251915
7891129251922
7891129251939
7891129251946
7891129251670
7891129251687
7891129251694
7891129252004
7891129252011
7891129252028
7891129219915
7891129219922
7891129219946
7891129219953
7891129219939
7891129220010
7891129200913
7891129200920
7891129200708
7891129200906
7891129242722
7891129264274
7891129264281
7891129264250
7891129264267
7891129124714
7891129124721
7891129171282
7891129171299
7891129253858
7891129253872
7891129212015
7891129212022
7891129253520
7891129253537
7891129253544
7891129253551
7891129203549
7891129203556
7891129186408
7891129186415
7891129180567
7891129180574
7891129245808
7891129243200
7891129184657
7891129185418
7891129245471
7891129245488
7891129224049
7891129224056
7891129224063
7891129224070
7891129195264
7891129195271
7891129219410
7891129219427
7891129195448
7891129195455
7891129230279
7891129230286
7891129230293
7891129230606
7891129230613
7891129230620
7891129246508
7891129246515
7891129246522
7891129246539
7891129246546
7891129246553
7891129246560
7891129246577
7891129246584
7891129246591
7891129246713
7891129246720
7891129246737
7891129246744
7891129246751
7891129215832
7891129215849
7891129215856
7891129215863
7891129215870
7891129215887
7891129242821
7891129242814
7891129252400
7891129252509
7891129216136
7891129216143
7891129216150
7891129216167
7891129224216
7891129224223
7891129222717
7891129222724
7891129222748
7891129222779
7891129265615
7891129265622
7891129265653
7891129265660
7891129265639
7891129265646
7891129243514
7891129239906
7891129491632
7891129491717
7891129246935
7891129246928
7891129520806
7891129520813
7891129520844
7891129520851
7891129520820
7891129520837
7891129520868
7891129520875
7891129188907
7891129188914
7891129188808
7891129188815
7891129188921
7891129188938
7891129244405
7891129244412
7891129244429
7891129244436
7891129244467
7891129244474
7891129244504
7891129244511
7891129244542
7891129244559
7891129244443
7891129244450
7891129244481
7891129244498
7891129244528
7891129244535
7891129244566
7891129244573
7891129244580
7891129244597
7891129244610
7891129244627
7891129244658
7891129244665
7891129244696
7891129244702
7891129210165
7891129244603
7891129244634
7891129244641
7891129244672
7891129244689
7891129244719
7891129244733
7891129244740
7891129243309
7891129244764
7891129243316
7891129244788
7891129243323
7891129244801
7891129243330
7891129244757
7891129243347
7891129244771
7891129243354
7891129244795
7891129243361
7891129244818
7891129244825
7891129264557
7891129264830
7891129264564
7891129264847
7891129264595
7891129264878
7891129264809
7891129264885
7891129264571
7891129264854
7891129264588
7891129264861
7891129264816
7891129264892
7891129264823
7891129264908
7891129264915
7891129264953
7891129264991
7891129265011
7891129264939
7891129264977
7891129265004
7891129265028
7891129264922
7891129264960
7891129265035
7891129265059
7891129264946
7891129264984
7891129265042
7891129265066