267304
1367537
1827294
24383
656495
496012
2942917
37076
8017
35084
656499
82375
2945631
765233
660864
660759
325298
2948284
2948724
2948697
2944582
2946419
2952705
2951355
346717
501963
324718
482769
395221
482510
395225
427423
395164
482494
473726
482504
396388
407113
914966
427139
461967
210872
302753
482733
585818
585810
481443
481444
390684
2948571
1013486
151476
2950235
2531275
395201
395147
473725
2951140
2952747
451991
451705
451702
425224
425229
427129
427136
659283
659540
32802
763824
763817
845041
829904
1961870
2433758
487659
487660
1513675
2268012
2268014
1796021
23693
2174904
867096
445492
1262897
1713577
1713578
173078
2190563
359699
1776270
2237381
74297
1594245
851954
655994
91656
394510
182993
691244
691030
315105
315064
314744
315109
183226
639356
116916
251444
251459
2823342
1041865
2940683
2940685
2344755
655149
801449
404111
67092
1339212
395128
439315
395127
2942539
1087606
1201405
1395475
1482026
1254086
2943933
1395492
1373893
18108
1300376
1201402
1482625
1990
1503275
1482606
2941151
1222624
1373184
1482623
148315
1482615
1395636
1499701
100447
100442
100428
100427
100426
100425
100424
100423
100419
100418
100415
857236
961677
695459
695458
1503872
2941157
2942045
695741
3578
1996
857235
100456
100455
100462
100461
1327930
1278965
1228260
695782
1278997
1544095
695912
1621954
1254183
1087596
1228240
1228241
2944249
1227987
1395471
994946
237175
1544112
1544113
97364
1350582
254110
818735
254127
1145966
1145967
1057515
1373245
1418212
1057939
1027217
818797
818733
1057937
1057926
695894
1460457
1460473
1417484
1543402
1303867
857220
818788
1327623
1481826
1543411
254115
254124
254140
1228279
254095
695645
254143
1278963
254096
254054
254109
1544092
1461348
1373896
1417487
1373271
1460475
1460474
961681
695919
254132
1582420
1582421
695456
695457
639963
695463
695462
1959
1228226
1228225
1543408
1201927
1087882
1254080
1201913
1543407
144738
695780
994520
1057929
1439146
994957
13406
961670
1027121
1327627
994962
656374
656364
656507
656595
656556
656552
656365
656555
656369
763827
1411200
912618
1977861
2101378
1715727
1638500
224400
168962
166363
683550
624567
1869588
1245749
1245746
987263
987265
851910
140936
141310
1888050
141257
1595757
1195652
35392
1451036
1632858
210996
210992
3580
1373887
1174525
1502988
1482622
1482621
1373883
1544102
1127986
1777768
1186342
695204
1350765
481614
107099
151882
1961969
2952369
2952370
2940991
2041272
2026858
2026842
2941129
2941130
2942027
2940993
1055713
1847552
328169
75348
911856
164403
482164
173769
163488
1129636
1129832
1704234
911853
2722959
2145447
1978930
1566918
611721
697944
2528525
2411635
763166
693319
958481
855966
1083956
1141972
855968
1054397
993393
1083949
693369
693675
1111970
1194795
1082034
615296
2941932
123312
8420
8421
1111960
777502
640102
778216
476802
640091
82382
990596
854702
924377
693313
958465
458932
1113796
693670
97609
890395
640094
2952848
78302
217255
82181
693367
1082053
302983
375600
693334
345675
1055605
460834
693310
1082032
890315
54546
328229
816747
777674
777649
890222
1395637
693395
693394
990592
2172338
2199038
1143111
174223
174228
174230
694156
1115503
431363
1721955
444196
655117
482170
482235
481999
431335
116115
1549289
1445424
2322348
1995566
13561
2685993
763168
1071560
1627787
2026751
1041839
1168399
1898097
1424485
1112314
639775
2322378
1041921
2769431
2769432
340036
1358015
1335192
1157915
691997
692066
777355
692136
2943400
2952029
2944418
2176
2151
691981
777401
232866
1930327
691964
183376
2145558
655125
306554
777363
777367
777315
189479
359713
413643
1211826
1130334
1043147
2784099
1829330
2784103
1299880
2403453
609381
610034
611078
613856
611094
609898
610581
609700
609893
610722
611057
611047
609941
614122
611067
610709
610361
610213
846177
808098
846192
1076232
667961
881947
667978
686377
170602
817825
1311495
610754
2942283
2942284
692227
639577
44340
227593
639560
449864
2324
639565
692174
1276578
338127
301499
301334
303176
302795
692173
692163
88493
2944444
2944443
2949775
2949776
2949759
192079
639572
692170
692171
692279
692244
692245
1621556
1621557
692160
692161
692182
649644
390601
402797
320989
390607
692195
692241
692242
692194
692238
2440282
692155
92525
92520
92514
92510
92512
92505
93070
92515
92736
92507
254519
254511
254510
1792538
2129101
412047
1360674
2391938
1590498
221589
587613
588187
361676
884367
2222604
3051
3052
127158
16959
18972
19857
639926
639925
19846
19858
1762
1763
472025
463561
463525
14298
14299
4235
4237
15906
15907
12101
12102
15896
15897
17897
17898
336326
336327
1296197
75591
220836
11123
11128
11133
11131
11126
11125
154111
154110
134607
134601
134603
134606
134605
134604
891725
1301277
1301276
301335
301336
301500
694800
1302394
477017
1726247
95509
8580
8579
8577
1683252
240637
174406
174403
15192
15195
444713
1919768
1513693
1943956
168295
2597098
482539
189505
189528
189525
189524
189523
189522
189517
189515
189514
189520
189511
189509
482540
1251710
1276574
2732067
1529249
1685194
978475
306376
306116
1300381
1478818
639370
639371
655194
655195
2676584
2676585
1930360
767544
2461162
54525
54388
54267
54278
54406
54265
54290
54375
54515
54233
54346
54351
54373
54535
54425
54438
624105
624303
624301
2276705
403714
139201
139347
2014947
2415377
2286215
403489
2468311
2501289
1880181
881354
2279911
947215
1251075
1228322
768747
669762
805124
1864983
476775
312240
1964890
183371
183372
11136
11137
2197399
8422
8423
1437747
778799
2299504
21751
1348823
892475
210566
477846
1415933
695010
2197398
2284464
2102419
3043
170802
170803
4227
3045
3046
3047
3048
1698644
4219
4221
4224
295204
295205
295202
295210
295203
295211
1845996
1845997
1845983
1845979
1845978
1570623
1851256
1459515
2155097
1251976
1349118
2834470
2651681
2650409
2650413
2137264
2754624
493055
95948
263166
2841908
1036704
2718013
2585926
904787
1555088
1472763
1067432
1067431
173099
1976793
480308
2334545
1043746
2817121
2309522